50.61443325183589 6.9900179242697345
50.61476232909872 6.9904663486534915
50.6147773455109 6.990439126929092
50.61446558804992 6.990014303717673
50.614480604357766 6.9899870820205425
50.614827001548086 6.9904591081072285
50.6148420179583 6.990431886343307
50.6146688195521 6.990195872460405
50.6146838359015 6.990168650703952
50.61482239470891 6.990357461652178
50.614837411095394 6.990330239858634
50.6146815323662 6.990117827641945
50.61465149968471 6.99017227116719
50.61447830074313 6.989936259185776
50.61443325183589 6.9900179242697345