50.61486176646901 6.990394054942718
50.61483125542267 6.990447837612632
50.61484836498861 6.990471814921982
50.61489413156508 6.990391140885104
50.61455193896528 6.989911598113953
50.614567194369045 6.989884706773517
50.61490938707803 6.990364249504782
50.614924642584704 6.9903373581071095
50.614582449766544 6.98985781541573
50.61459770515777 6.989830924040595
50.614939898085105 6.9903104666920886
50.61495515357923 6.9902835752597205
50.61459585083819 6.98978005569969
50.61451957387802 6.9899145124786495
50.61486176646901 6.990394054942718