50.61492366980546 6.989816898490025
50.614940871662434 6.989840712166585
50.614956023052834 6.989813675730964
50.61476680229376 6.98955172626583
50.61473649962652 6.989605799071246
50.614702095809555 6.989558172112147
50.614596036350825 6.989747426354561
50.6146648438123 6.989842680403782
50.614634541009146 6.989896752906203
50.61489256812044 6.990253958125441
50.614907719606954 6.990226921849826
50.61466689426143 6.989893530221471
50.61468204566529 6.989866493959394
50.61495727463958 6.990247513205125
50.61497242612432 6.990220476890453
50.61462838959933 6.989744203570301
50.61464354096872 6.9897171672823974
50.61498757760271 6.990193440558458
50.61500272907478 6.990166404209139
50.61465869233176 6.989690130977172
50.61467384368845 6.989663094654621
50.61501788054049 6.990139367842498
50.61503303199987 6.990112331458534
50.61468899503882 6.9896360583147485
50.614704146382834 6.989609021957553
50.61504818345291 6.990085295057245
50.6150633348996 6.990058258638634
50.61475370152757 6.989629612576779
50.6147688528698 6.989602576180529
50.61492366980546 6.989816898490025