50.61453048499698 6.989684392993344
50.61468571832598 6.9899967010876365
50.614703782590084 6.989974521016802
50.61456266136346 6.989690604440466
50.61458072556992 6.989668424310427
50.61475007102214 6.990009124456066
50.61476813528826 6.989986944359794
50.61459878977207 6.9896462441634455
50.6146168539699 6.9896240639995195
50.614786199550075 6.98996476424658
50.614804263807564 6.989942584116423
50.61463491816341 6.989601883818651
50.61465298235261 6.989579703620837
50.61482232806075 6.989920403969322
50.6148403923096 6.989898223805276
50.614656934344474 6.989529131816282
50.61453048499698 6.989684392993344
