50.614597336424055 6.989796264274658
50.614910897972166 6.9902713609353295
50.61492680750498 6.990245422621958
50.61462974914639 6.989795330903144
50.61464565857451 6.989769392583834
50.61497572341831 6.990269494829856
50.6149916329504 6.990243556480303
50.6148596072303 6.990043514749357
50.61487551671261 6.990017576387468
50.61497453606831 6.990167607577134
50.614990445577725 6.9901416691939575
50.6148749229386 6.989966632871571
50.614843103990786 6.990018509611519
50.614645064691935 6.989718449318649
50.614597336424055 6.989796264274658
