50.61492269778982 6.99028637731322
50.614907442229295 6.990313268634277
50.6145652504804 6.989833724228995
50.61454999502278 6.98986061549282
50.61489218666249 6.9903401599379835
50.61487693108942 6.990367051224342
50.61453473955888 6.989887506739295
50.614519484088696 6.989914397968424
50.61486167551006 6.990393942493353
50.61483116433254 6.990447724979327
50.61484827383999 6.9904717023917184
50.61495506288974 6.99028346337325
50.61459576137683 6.989779941649301
50.614580505931755 6.989806832947822
50.61492269778982 6.99028637731322
